825 826 827 828 2
-830 831 832 833 834 
500.501 502 503 504 
505 506 507 508 509 
-510 511 512 513 514 
515 516 517 518 519 
520 521.522 523 524 
525 -526 527 528 529 
530 531 532 533 534 
535 536.537 538 539 
-540 541 542 543 544 
545 -546 547.548 549 
550.551 552 553 554 
555 556 -557 558 559 
-560.561 562 563 564 
565 566 567 568 569 
845 846 847 848 849 
850 851.852 853 854 
an is
-855 856 857 858 859 
860 -861 862 863
865 -866.867 868 869 
870 871 872 873 874 
875 876 877.878 879 
-880 881 882 883 884 
-885.886 -885.886 887 888 889 
an is
330 331 332 333 334 
335 -336 337 338 339 
340 341 342 343 344 
345.346 347 348 
350 351 352 353 354 
-355.356 357 358 359 
360 361 362 363 364 
-365.366 367 368 369 
370 371 372 373 374 
375 376 377 378 379 
380 381 382.383 384 
-300 301.302 303 304 
305 306 307 308 309 
-310 311 312 313 314 an is

315.316 
325.326 327 328 329 
-570 571 572 573 574 
575 576 577 578 579 
580 581 582 583 584 
585 586 587 588.589 
590 -591 592 593 594 
595 596.597 598 599 
600 601.602 603 604 
-605 606 607 608 609 
an is
610 611 612 613 614 
615 616 617.618 619 
-620.621 622 623 624 
625 -626 627 628 629 
385 386 387 388 389 
390 391 392 393 394 an is

an
395 396 397 398 399 
-400.401 402 403 404 
is
446 447 448 449 
450 451 452 453 454 
455 456 457 458 459 
460.461 462 463 464 
-465 466 467 468 469 
470 471 472 473 474
string21
string234
string54
String543
String657
string3421
String6
String54
an
string543
string657
String3421
string6
615 616 617.618 619 
620.621 622 623 624 
625 626 627 628 629 
385 386 387 388 389 
an is
390 391 392 393 394 
395 396 397 398 399 
400.401 402 403 404 
446 447 448 449 
450 451 -452 453 454 
455 456 457 458 459 
460.461 462 463 464 
465 466 467 468 469 
470 471 472 473 474
string21
strinG234
string54
String543
String657
string3421
String6
STRING
STRING54
STRING43
STRING2
STRING234
STRING234
STRING45
STRING234
STRING45
STRING
String54
455 456 457 458 459 
460.461 462 463 464 
465 -466 467 468 469 
470 471 472 473 474
string21
string234
string54
String543
String657
