Results of file "file" 

Strings:

Strings of file "file" ( 50 total - 21 dis. )
Average frev: 2.38095 ( 2 ) / most appear: 1
[ STRING (2)] STRING2 [ STRING234 (3)] STRING43 [ STRING45 (2)] STRING54 String3421 [ String54 (2)] [ String543 (3)] [ String6 (2)] [ String657 (3)] [ an (8)] [ is (7)] strinG234 [ string21 (3)] [ string234 (2)] [ string3421 (2)] [ string54 (3)] string543 string6 string657 

Average string length: 6.44 ( 6 ) / most have length 9

Upper strings of file "file" ( 21 total - 11  dis. )
[ STRING (2)] STRING2 [ STRING234 (3)] STRING43 [ STRING45 (2)] STRING54 String3421 [ String54 (2)] [ String543 (3)] [ String6 (2)] [ String657 (3)] 

Lw strings of file "file" ( 29 total - 10 dis. )
[ an (8)] [ is (7)] strinG234 [ string21 (3)] [ string234 (2)] [ string3421 (2)] [ string54 (3)] string543 string6 string657 

All Upper strings of file "file" ( 10 total - 6 dis. )
[ STRING (2)] STRING2 [ STRING234 (3)] STRING43 [ STRING45 (2)] STRING54 

All Lw strings of file "file" ( 28 total - 9 dis. )
[ an (8)] [ is (7)] [ string21 (3)] [ string234 (2)] [ string3421 (2)] [ string54 (3)] string543 string6 string657 

Max of strings: string657
Min of strings: STRING
Max of strings ( max length = 10 ): String3421
Min of strings ( min length = 2 ): an





In total:

Count total: 415
Count total length: 1562
Average length: 3.76386 ( 4 ) / most have length: 9
Count total length ( with wh-space ): 2051
Wh-space: 489
Content / Wh-space: 76.158% / 23.842% ( 76% / 24% )
Lines: 124
Average line length: 15.5484 ( 16 ) / most have length: 20
Average frev: 1.7759 ( 2 ) / most appear 1


Uncommon words ( 35 total - 19 dis. )
[ STRING (2)] STRING2 [ STRING234 (3)] STRING43 [ STRING45 (2)] STRING54 String3421 [ String54 (2)] [ String543 (3)] [ String6 (2)] [ String657 (3)] strinG234 [ string21 (3)] [ string234 (2)] [ string3421 (2)] [ string54 (3)] string543 string6 string657 

Uncommon words mentioned a lot / uncommon words total ( count )
STRING234 - 8.57143%
String543 - 8.57143%
String657 - 8.57143%
string21 - 8.57143%
string54 - 8.57143%

Common words ( 15 total - 2 dis. )
[ an (8)] [ is (7)] 

Uncommon words / total ( count ): 8.43373%
Uncommon words / total words ( count ): 70%
Uncommon words / total and wh-space ( length ): 14.237%
Numerical Data: 365 ( 335 ints, 30 doubles ) 87.9518%
Uncommon words and Numerical Data / total ( count ): 96.3855%
Uncommon words and Numerical Data / total and wh-space ( length ): 74.0614%





Ints:

Ints of file "file" ( 335 total - 265 dis. )
Average frev: 1.26415 ( 1 ) / most appear: 1
-880 -861 -855 -830 -626 -605 -591 -570 -557 -546 -540 -526 -510 -466 -465 -452 -336 -310 -300 2 303 304 305 306 307 308 309 311 312 313 314 327 328 329 330 331 332 333 334 335 337 338 339 340 341 342 343 344 347 348 350 351 352 353 354 357 358 359 360 361 362 363 364 367 368 369 370 371 372 373 374 375 376 377 378 379 380 381 384 [385 (2)] [386 (2)] [387 (2)] [388 (2)] [389 (2)] [390 (2)] [391 (2)] [392 (2)] [393 (2)] [394 (2)] [395 (2)] [396 (2)] [397 (2)] [398 (2)] [399 (2)] [402 (2)] [403 (2)] [404 (2)] [446 (2)] [447 (2)] [448 (2)] [449 (2)] [450 (2)] [451 (2)] 452 [453 (2)] [454 (2)] [455 (3)] [456 (3)] [457 (3)] [458 (3)] [459 (3)] [462 (3)] [463 (3)] [464 (3)] [465 (2)] [466 (2)] [467 (3)] [468 (3)] [469 (3)] [470 (3)] [471 (3)] [472 (3)] [473 (3)] [474 (3)] 502 503 504 505 506 507 508 509 511 512 513 514 515 516 517 518 519 520 523 524 525 527 528 529 530 531 532 533 534 535 538 539 541 542 543 544 545 549 552 553 554 555 556 558 559 562 563 564 565 566 567 568 569 571 572 573 574 575 576 577 578 579 580 581 582 583 584 585 586 587 590 592 593 594 595 598 599 600 603 604 606 607 608 609 610 611 612 613 614 [615 (2)] [616 (2)] [619 (2)] [622 (2)] [623 (2)] [624 (2)] [625 (2)] 626 [627 (2)] [628 (2)] [629 (2)] 825 826 827 828 831 832 833 834 845 846 847 848 849 850 853 854 856 857 858 859 860 862 863 865 868 869 870 871 872 873 874 875 876 879 881 882 883 884 887 888 889 

Even ints of file "file" ( 169 total - 135 dis. )
-880 -830 -626 -570 -546 -540 -526 -510 -466 -452 -336 -310 -300 2 304 306 308 312 314 328 330 332 334 338 340 342 344 348 350 352 354 358 360 362 364 368 370 372 374 376 378 380 384 [386 (2)] [388 (2)] [390 (2)] [392 (2)] [394 (2)] [396 (2)] [398 (2)] [402 (2)] [404 (2)] [446 (2)] [448 (2)] [450 (2)] 452 [454 (2)] [456 (3)] [458 (3)] [462 (3)] [464 (3)] [466 (2)] [468 (3)] [470 (3)] [472 (3)] [474 (3)] 502 504 506 508 512 514 516 518 520 524 528 530 532 534 538 542 544 552 554 556 558 562 564 566 568 572 574 576 578 580 582 584 586 590 592 594 598 600 604 606 608 610 612 614 [616 (2)] [622 (2)] [624 (2)] 626 [628 (2)] 826 828 832 834 846 848 850 854 856 858 860 862 868 870 872 874 876 882 884 888 

Odd ints of file "file" ( 166 total - 130 dis. )
-861 -855 -605 -591 -557 -465 303 305 307 309 311 313 327 329 331 333 335 337 339 341 343 347 351 353 357 359 361 363 367 369 371 373 375 377 379 381 [385 (2)] [387 (2)] [389 (2)] [391 (2)] [393 (2)] [395 (2)] [397 (2)] [399 (2)] [403 (2)] [447 (2)] [449 (2)] [451 (2)] [453 (2)] [455 (3)] [457 (3)] [459 (3)] [463 (3)] [465 (2)] [467 (3)] [469 (3)] [471 (3)] [473 (3)] 503 505 507 509 511 513 515 517 519 523 525 527 529 531 533 535 539 541 543 545 549 553 555 559 563 565 567 569 571 573 575 577 579 581 583 585 587 593 595 599 603 607 609 611 613 [615 (2)] [619 (2)] [623 (2)] [625 (2)] [627 (2)] [629 (2)] 825 827 831 833 845 847 849 853 857 859 863 865 869 871 873 875 879 881 883 887 889 

Pos ints of file "file" ( 316 total - 246 dis. )
2 303 304 305 306 307 308 309 311 312 313 314 327 328 329 330 331 332 333 334 335 337 338 339 340 341 342 343 344 347 348 350 351 352 353 354 357 358 359 360 361 362 363 364 367 368 369 370 371 372 373 374 375 376 377 378 379 380 381 384 [385 (2)] [386 (2)] [387 (2)] [388 (2)] [389 (2)] [390 (2)] [391 (2)] [392 (2)] [393 (2)] [394 (2)] [395 (2)] [396 (2)] [397 (2)] [398 (2)] [399 (2)] [402 (2)] [403 (2)] [404 (2)] [446 (2)] [447 (2)] [448 (2)] [449 (2)] [450 (2)] [451 (2)] 452 [453 (2)] [454 (2)] [455 (3)] [456 (3)] [457 (3)] [458 (3)] [459 (3)] [462 (3)] [463 (3)] [464 (3)] [465 (2)] [466 (2)] [467 (3)] [468 (3)] [469 (3)] [470 (3)] [471 (3)] [472 (3)] [473 (3)] [474 (3)] 502 503 504 505 506 507 508 509 511 512 513 514 515 516 517 518 519 520 523 524 525 527 528 529 530 531 532 533 534 535 538 539 541 542 543 544 545 549 552 553 554 555 556 558 559 562 563 564 565 566 567 568 569 571 572 573 574 575 576 577 578 579 580 581 582 583 584 585 586 587 590 592 593 594 595 598 599 600 603 604 606 607 608 609 610 611 612 613 614 [615 (2)] [616 (2)] [619 (2)] [622 (2)] [623 (2)] [624 (2)] [625 (2)] 626 [627 (2)] [628 (2)] [629 (2)] 825 826 827 828 831 832 833 834 845 846 847 848 849 850 853 854 856 857 858 859 860 862 863 865 868 869 870 871 872 873 874 875 876 879 881 882 883 884 887 888 889 

Neg ints of file "file" ( 19 total - 19 dis. )
-880 -861 -855 -830 -626 -605 -591 -570 -557 -546 -540 -526 -510 -466 -465 -452 -336 -310 -300 

Prime ints of file "file" ( 56 total - 46 dis. )
-861 -855 -605 -591 -557 -465 2 307 311 313 331 337 347 353 359 367 373 379 [389 (2)] [397 (2)] [449 (2)] [457 (3)] [463 (3)] [467 (3)] 503 509 523 541 563 569 571 577 587 593 599 607 613 [619 (2)] 827 853 857 859 863 881 883 887 

Square ints of file "file" ( 5 total - 4 dis. )
361 529 576 [625 (2)] 

Remaining ints of file "file" [ -880, 889 ]
[ -879, -862 ], -860, -859, -858, -857, -856, [ -854, -831 ], [ -829, -627 ], [ -625, -606 ], [ -604, -592 ], [ -590, -571 ], [ -569, -558 ], [ -556, -547 ], -545, -544, -543, -542, -541, [ -539, -527 ], [ -525, -511 ], [ -509, -467 ], [ -464, -453 ], [ -451, -337 ], [ -335, -311 ], [ -309, -301 ], [ -299, 1 ], [ 3, 302 ], 310, [ 315, 326 ], 336, 345, 346, 349, 355, 356, 365, 366, 382, 383, 400, 401, [ 405, 445 ], 460, 461, [ 475, 501 ], 510, 521, 522, 526, 536, 537, 540, 546, 547, 548, 550, 551, 557, 560, 561, 570, 588, 589, 591, 596, 597, 601, 602, 605, 617, 618, 620, 621, [ 630, 824 ], 829, 830, [ 835, 844 ], 851, 852, 855, 861, 864, 866, 867, 877, 878, 880, 886

Max of ints: 889
Min of ints: -880





Doubles:

Doubles of file "file" ( 30 total - 26 dis. )
Average frev: 1.15385 ( 1 ) / most appear: 1
[-885.886 (2)] -866.867 -620.621 -560.561 -400.401 -365.366 -355.356 301.302 315.316 325.326 345.346 382.383 400.401 [460.461 (3)] 500.501 521.522 536.537 547.548 550.551 588.589 596.597 601.602 [617.618 (2)] 620.621 851.852 877.878 

Pos doubles of file "file" ( 22 total - 19 dis. )
301.302 315.316 325.326 345.346 382.383 400.401 [460.461 (3)] 500.501 521.522 536.537 547.548 550.551 588.589 596.597 601.602 [617.618 (2)] 620.621 851.852 877.878 

Neg doubles of file "file" ( 8 total - 7 dis. )
[-885.886 (2)] -866.867 -620.621 -560.561 -400.401 -365.366 -355.356 

Max of doubles: 877.878
Min of doubles: -885.886





Ints and Doubles:

Pos ints and doubles of file "file" ( 338 total - 265 dis. )
2 301.302 303 304 305 306 307 308 309 311 312 313 314 315.316 325.326 327 328 329 330 331 332 333 334 335 337 338 339 340 341 342 343 344 345.346 347 348 350 351 352 353 354 357 358 359 360 361 362 363 364 367 368 369 370 371 372 373 374 375 376 377 378 379 380 381 382.383 384 [385 (2)] [386 (2)] [387 (2)] [388 (2)] [389 (2)] [390 (2)] [391 (2)] [392 (2)] [393 (2)] [394 (2)] [395 (2)] [396 (2)] [397 (2)] [398 (2)] [399 (2)] 400.401 [402 (2)] [403 (2)] [404 (2)] [446 (2)] [447 (2)] [448 (2)] [449 (2)] [450 (2)] [451 (2)] 452 [453 (2)] [454 (2)] [455 (3)] [456 (3)] [457 (3)] [458 (3)] [459 (3)] [460.461 (3)] [462 (3)] [463 (3)] [464 (3)] [465 (2)] [466 (2)] [467 (3)] [468 (3)] [469 (3)] [470 (3)] [471 (3)] [472 (3)] [473 (3)] [474 (3)] 500.501 502 503 504 505 506 507 508 509 511 512 513 514 515 516 517 518 519 520 521.522 523 524 525 527 528 529 530 531 532 533 534 535 536.537 538 539 541 542 543 544 545 547.548 549 550.551 552 553 554 555 556 558 559 562 563 564 565 566 567 568 569 571 572 573 574 575 576 577 578 579 580 581 582 583 584 585 586 587 588.589 590 592 593 594 595 596.597 598 599 600 601.602 603 604 606 607 608 609 610 611 612 613 614 [615 (2)] [616 (2)] [617.618 (2)] [619 (2)] 620.621 [622 (2)] [623 (2)] [624 (2)] [625 (2)] 626 [627 (2)] [628 (2)] [629 (2)] 825 826 827 828 831 832 833 834 845 846 847 848 849 850 851.852 853 854 856 857 858 859 860 862 863 865 868 869 870 871 872 873 874 875 876 877.878 879 881 882 883 884 887 888 889 

Neg ints and doubles of file "file" ( 27 total - 26 dis. )
[-885.886 (2)] -880 -866.867 -861 -855 -830 -626 -620.621 -605 -591 -570 -560.561 -557 -546 -540 -526 -510 -466 -465 -452 -400.401 -365.366 -355.356 -336 -310 -300 